3 221 75 150
3 216 8 225
4 167 275 259 21
4 0 212 92 128
4 234 110 220 230
4 36 88 137 40
4 180 103 218 295
3 33 294 38
3 179 4 107
3 65 80 285
3 116 7 74
4 296 72 15 254
3 168 134 187
3 54 159 129
3 34 162 267
3 108 148 63
3 85 276 174
3 87 286 200
3 41 246 213
3 184 203 113
3 164 24 79
3 249 260 282
3 99 299 57
2 133 166
2 210 226
2 62 91
2 161 232
2 127 53
2 13 32
2 136 29
2 95 204
2 58 102
2 290 64
2 227 222
2 193 239
2 273 158
1 144
2 56 268
1 105
1 18
1 171
1 263
1 125
1 156
1 261
1 60
1 19
1 198
1 44
1 245
1 224
1 96
1 188
1 39
1 277
1 281
1 214
1 284
1 28
1 241
1 244
1 172
1 217
1 146
1 121
1 202
1 185
1 14
1 122
1 271
1 82
1 50
1 68
1 157
1 111
1 26
0 
0 
0 
0 
0 
0 
0 
0 
0 
0 
0 
0 
0 
0 
0 
0 
0 
0 
0 
0 
0 
0 
0 
0 
